"Epic","Feature","Story","FAILED","BROKEN","PASSED","SKIPPED","UNKNOWN"
"","","Navigation","0","0","30","0","0"
"","","Product Details","0","0","16","0","0"
"","","","0","0","0","0","1"
"","","Smoke","0","0","2","0","0"
